1 78255 0
2 78255
1 54900 0
2 54900
1 60092 0
2 60092
1 23205 0
2 23205
1 44202 0
2 44202
1 56097 0
2 56097
1 81558 0
2 81558
1 43547 0
2 43547
1 40741 0
2 40741
1 67857 0
2 67857
1 84398 0
2 84398
1 14568 0
2 14568
1 74755 0
2 74755
1 72401 0
2 72401
1 54147 0
2 54147
1 39848 0
2 39848
1 51105 0
2 51105
1 51923 0
2 51923
1 99203 0
2 99203
1 17701 0
2 17701
1 26278 0
2 26278
1 76386 0
2 76386
1 97757 0
2 97757
1 1893 0
2 1893
1 14591 0
2 14591
1 26076 0
2 26076
1 27142 0
2 27142
1 58102 0
2 58102
1 34616 0
2 34616
1 7804 0
2 7804
1 65780 0
2 65780
1 46773 0
2 46773
1 4925 0
2 4925
1 32863 0
2 32863
1 44314 0
2 44314
1 5715 0
2 5715
1 7901 0
2 7901
1 34865 0
2 34865
1 57744 0
2 57744
1 29279 0
2 29279
1 41134 0
2 41134
1 76104 0
2 76104
1 79091 0
2 79091
1 81112 0
2 81112
1 79555 0
2 79555
1 73032 0
2 73032
1 20478 0
2 20478
1 79853 0
2 79853
1 73509 0
2 73509
1 88352 0
2 88352
1 95359 0
2 95359
1 54975 0
2 54975
1 54478 0
2 54478
1 91012 0
2 91012
1 47029 0
2 47029
1 33658 0
2 33658
1 22017 0
2 22017
1 51821 0
2 51821
1 31501 0
2 31501
1 42716 0
2 42716
1 84414 0
2 84414
1 57078 0
2 57078
1 37999 0
2 37999
1 16776 0
2 16776
1 95370 0
2 95370
1 33243 0
2 33243
1 81307 0
2 81307
1 16140 0
2 16140
1 33535 0
2 33535
1 61349 0
2 61349
1 47548 0
2 47548
1 38562 0
2 38562
1 15926 0
2 15926
1 82686 0
2 82686
1 85623 0
2 85623
1 15009 0
2 15009
1 20743 0
2 20743
1 51762 0
2 51762
1 96818 0
2 96818
1 66000 0
2 66000
1 8190 0
2 8190
1 58622 0
2 58622
1 42926 0
2 42926
1 26147 0
2 26147
1 45158 0
2 45158
1 29655 0
2 29655
1 69643 0
2 69643
1 29530 0
2 29530
1 77898 0
2 77898
1 91160 0
2 91160
1 23860 0
2 23860
1 50618 0
2 50618
1 15312 0
2 15312
1 94279 0
2 94279
1 81623 0
2 81623
1 18030 0
2 18030
1 76125 0
2 76125
1 22888 0
2 22888
1 36253 0
2 36253
1 60469 0
2 60469
1 68826 0
2 68826
1 72896 0
2 72896
1 40639 0
2 40639
1 39860 0
2 39860
1 85971 0
2 85971
1 31711 0
2 31711
1 66818 0
2 66818
1 48429 0
2 48429
1 34524 0
2 34524
1 88257 0
2 88257
1 18137 0
2 18137
1 26423 0
2 26423
1 70338 0
2 70338
1 62266 0
2 62266
1 31273 0
2 31273
1 91881 0
2 91881
1 17465 0
2 17465
1 98744 0
2 98744
1 93408 0
2 93408
1 51330 0
2 51330
1 83326 0
2 83326
1 57071 0
2 57071
1 74730 0
2 74730
1 73684 0
2 73684
1 42987 0
2 42987
1 42850 0
2 42850
1 31093 0
2 31093
1 13507 0
2 13507
1 78187 0
2 78187
1 16744 0
2 16744
1 6995 0
2 6995
1 79328 0
2 79328
1 50735 0
2 50735
1 97366 0
2 97366
1 40138 0
2 40138
1 36115 0
2 36115
1 5320 0
2 5320
1 76605 0
2 76605
1 12161 0
2 12161
1 3406 0
2 3406
1 12616 0
2 12616
1 4527 0
2 4527
1 40866 0
2 40866
1 617 0
2 617
1 23665 0
2 23665
1 86070 0
2 86070
1 12490 0
2 12490
1 16190 0
2 16190
1 80318 0
2 80318
1 46134 0
2 46134
1 33866 0
2 33866
1 18158 0
2 18158
1 88640 0
2 88640
1 42226 0
2 42226
1 29565 0
2 29565
1 51024 0
2 51024
1 19496 0
2 19496
1 40770 0
2 40770
1 86112 0
2 86112
1 90874 0
2 90874
1 14344 0
2 14344
1 66891 0
2 66891
1 60398 0
2 60398
1 21714 0
2 21714
1 36935 0
2 36935
1 90813 0
2 90813
1 48240 0
2 48240
1 36599 0
2 36599
1 98190 0
2 98190
1 71679 0
2 71679
1 11439 0
2 11439
1 4755 0
2 4755
1 26145 0
2 26145
1 67083 0
2 67083
1 34519 0
2 34519
1 4956 0
2 4956
1 54789 0
2 54789
1 64162 0
2 64162
1 46458 0
2 46458
1 26152 0
2 26152
1 92932 0
2 92932
1 17714 0
2 17714
1 91588 0
2 91588
1 6802 0
2 6802
1 62041 0
2 62041
1 41478 0
2 41478
1 34508 0
2 34508
1 16177 0
2 16177
1 6416 0
2 6416
1 55255 0
2 55255
1 51211 0
2 51211
1 93456 0
2 93456
1 74163 0
2 74163
1 32093 0
2 32093
1 64115 0
2 64115
1 21385 0
2 21385
1 34323 0
2 34323
1 8874 0
2 8874
1 10805 0
2 10805
1 90099 0
2 90099
3